# vim:ft=dircolors
# TokyoNight Night theme for lf
# https://github.com/folke/tokyonight.nvim
#
# Palette:
# bg      #1a1b26
# fg      #c0caf5
# blue    #7aa2f7
# cyan    #7dcfff
# green   #9ece6a
# green1  #73daca
# magenta #bb9af7
# orange  #ff9e64
# purple  #9d7cd8
# red     #f7768e
# yellow  #e0af68
# comment #565f89

# file types
ln      01;38;2;125;207;255  # LINK    → cyan #7dcfff
or      38;2;247;118;142     # ORPHAN  → red #f7768e
tw      38;2;122;162;247     # STICKY_OTHER_WRITABLE → blue #7aa2f7
ow      38;2;122;162;247     # OTHER_WRITABLE → blue #7aa2f7
st      01;38;2;122;162;247  # STICKY  → bold blue #7aa2f7
di      01;38;2;122;162;247  # DIR     → bold blue #7aa2f7
pi      38;2;224;175;104     # FIFO    → yellow #e0af68
so      01;38;2;187;154;247  # SOCK    → bold magenta #bb9af7
bd      01;38;2;224;175;104  # BLK     → bold yellow #e0af68
cd      01;38;2;224;175;104  # CHR     → bold yellow #e0af68
su      01;38;2;158;206;106  # SETUID  → bold green #9ece6a
sg      01;38;2;158;206;106  # SETGID  → bold green #9ece6a
ex      01;38;2;158;206;106  # EXEC    → bold green #9ece6a
fi      00                   # FILE    → default

# archives / compressed
*.tar   38;2;247;118;142
*.tgz   38;2;247;118;142
*.arc   38;2;247;118;142
*.arj   38;2;247;118;142
*.taz   38;2;247;118;142
*.lha   38;2;247;118;142
*.lz4   38;2;247;118;142
*.lzh   38;2;247;118;142
*.lzma  38;2;247;118;142
*.tlz   38;2;247;118;142
*.txz   38;2;247;118;142
*.tzo   38;2;247;118;142
*.t7z   38;2;247;118;142
*.zip   38;2;247;118;142
*.z     38;2;247;118;142
*.dz    38;2;247;118;142
*.gz    38;2;247;118;142
*.lrz   38;2;247;118;142
*.lz    38;2;247;118;142
*.lzo   38;2;247;118;142
*.xz    38;2;247;118;142
*.zst   38;2;247;118;142
*.tzst  38;2;247;118;142
*.bz2   38;2;247;118;142
*.bz    38;2;247;118;142
*.tbz   38;2;247;118;142
*.tbz2  38;2;247;118;142
*.tz    38;2;247;118;142
*.deb   38;2;247;118;142
*.rpm   38;2;247;118;142
*.jar   38;2;247;118;142
*.war   38;2;247;118;142
*.ear   38;2;247;118;142
*.sar   38;2;247;118;142
*.rar   38;2;247;118;142
*.alz   38;2;247;118;142
*.ace   38;2;247;118;142
*.zoo   38;2;247;118;142
*.cpio  38;2;247;118;142
*.7z    38;2;247;118;142
*.rz    38;2;247;118;142
*.cab   38;2;247;118;142
*.wim   38;2;247;118;142
*.swm   38;2;247;118;142
*.dwm   38;2;247;118;142
*.esd   38;2;247;118;142

# images / video
*.jpg   38;2;187;154;247
*.jpeg  38;2;187;154;247
*.mjpg  38;2;187;154;247
*.mjpeg 38;2;187;154;247
*.gif   38;2;187;154;247
*.bmp   38;2;187;154;247
*.pbm   38;2;187;154;247
*.pgm   38;2;187;154;247
*.ppm   38;2;187;154;247
*.tga   38;2;187;154;247
*.xbm   38;2;187;154;247
*.xpm   38;2;187;154;247
*.tif   38;2;187;154;247
*.tiff  38;2;187;154;247
*.png   38;2;187;154;247
*.svg   38;2;187;154;247
*.svgz  38;2;187;154;247
*.mng   38;2;187;154;247
*.pcx   38;2;187;154;247
*.mov   38;2;187;154;247
*.mpg   38;2;187;154;247
*.mpeg  38;2;187;154;247
*.m2v   38;2;187;154;247
*.mkv   38;2;187;154;247
*.webm  38;2;187;154;247
*.ogm   38;2;187;154;247
*.mp4   38;2;187;154;247
*.m4v   38;2;187;154;247
*.mp4v  38;2;187;154;247
*.vob   38;2;187;154;247
*.qt    38;2;187;154;247
*.nuv   38;2;187;154;247
*.wmv   38;2;187;154;247
*.asf   38;2;187;154;247
*.rm    38;2;187;154;247
*.rmvb  38;2;187;154;247
*.flc   38;2;187;154;247
*.avi   38;2;187;154;247
*.fli   38;2;187;154;247
*.flv   38;2;187;154;247
*.gl    38;2;187;154;247
*.dl    38;2;187;154;247
*.xcf   38;2;187;154;247
*.xwd   38;2;187;154;247
*.yuv   38;2;187;154;247
*.cgm   38;2;187;154;247
*.emf   38;2;187;154;247
*.ogv   38;2;187;154;247
*.ogx   38;2;187;154;247

# audio
*.aac   38;2;125;207;255
*.au    38;2;125;207;255
*.flac  38;2;125;207;255
*.m4a   38;2;125;207;255
*.mid   38;2;125;207;255
*.midi  38;2;125;207;255
*.mka   38;2;125;207;255
*.mp3   38;2;125;207;255
*.mpc   38;2;125;207;255
*.ogg   38;2;125;207;255
*.ra    38;2;125;207;255
*.wav   38;2;125;207;255
*.oga   38;2;125;207;255
*.opus  38;2;125;207;255
*.spx   38;2;125;207;255
*.xspf  38;2;125;207;255
